var=[];
maxcong=[];
maxtrans=[];
var(1)=0.1;
maxcong(1)=303.83663366336634;
maxtrans(1)=1.0279946676823462;
var(2)=0.3333333333333333;
maxcong(2)=323.019801980198;
maxtrans(2)=1.063251340854448;
var(3)=1;
maxcong(3)=110.14851485148516;
maxtrans(3)=0.9647790055248618;
var(4)=3;
maxcong(4)=209.15841584158414;
maxtrans(4)=1.0301724137931034;
var(5)=10;
maxcong(5)=290.84158415841586;
maxtrans(5)=1.0402684563758389;
