tol=[];
reroutes(1)=1.0485689505637468;
reroutes(2)=0.8946877912395154;
reroutes(3)=0.5102420856610801;
reroutes(4)=0.622822299651568;
reroutes(5)=0.28558052434456926;
reroutes(6)=0.22595704948646125;
reroutes(7)=0.20191470844212359;
reroutes(8)=0.06273408239700375;
reroutes(9)=0.06279287722586692;
reroutes(10)=0.0835509138381201;
reroutes(11)=0.03544776119402985;
reroutes(12)=0.00749063670411985;
reroutes(13)=0.016593886462882096;
reroutes(14)=0.006548175865294668;
reroutes(15)=0.0037418147801683817;
reroutes(16)=0.01572052401746725;
reroutes(17)=0;
reroutes(18)=0;
reroutes(19)=0.0017406440382941688;
reroutes(20)=0;
