var=[];
maxcong=[];
maxtrans=[];
var(1)=0.1;
maxcong(1)=1139.8514851485147;
maxtrans(1)=16;
meancong(1)=445.82301980197997;
meantrans(1)=5.986986818962758;
var(2)=0.3333333333333333;
maxcong(2)=1099.6287128712872;
maxtrans(2)=20;
meancong(2)=462.9615305280528;
meantrans(2)=7.155777256114574;
var(3)=1;
maxcong(3)=327.970297029703;
maxtrans(3)=25;
meancong(3)=159.63541666666657;
meantrans(3)=8.64150485002372;
var(4)=3;
maxcong(4)=574.8762376237623;
maxtrans(4)=16.56441717791411;
meancong(4)=272.5118605610561;
meantrans(4)=8.678052614380361;
var(5)=10;
maxcong(5)=798.8861386138614;
maxtrans(5)=16.856492027334852;
meancong(5)=356.2010107260725;
meantrans(5)=8.303718544032398;
