var=[];
maxcong=[];
maxtrans=[];
var(1)=0.1;
maxcong(1)=1188.118811881188;
maxtrans(1)=0.9226610249177245;
var(2)=0.3333333333333333;
maxcong(2)=1139.8514851485147;
maxtrans(2)=0.9410068751386117;
var(3)=1;
maxcong(3)=290.2227722772277;
maxtrans(3)=0.8704028021015762;
