var=[];
max-cong=[];
max-trans=[];
var(1)=0.1;
max-cong(1)=270.4207920792079;
max-trans(1)=0.996489054109872;
var(2)=0.3333333333333333;
max-cong(2)=289.6039603960396;
max-trans(2)=1.0283520378027171;
var(3)=1;
max-cong(3)=109.52970297029702;
max-trans(3)=0.9843234323432343;
