reroutes=[];
reroutes(1)=1.0782459157351676;
reroutes(2)=0.9058380414312618;
reroutes(3)=0.520112254443405;
reroutes(4)=0.38648180242634317;
reroutes(5)=0.15160075329566855;
reroutes(6)=0.05514018691588785;
reroutes(7)=0.09090909090909091;
reroutes(8)=0.010299625468164793;
reroutes(9)=0.007462686567164179;
reroutes(10)=0.0017391304347826088;
reroutes(11)=0;
reroutes(12)=0;
reroutes(13)=0.004344048653344918;
reroutes(14)=0;
reroutes(15)=0;
